13502468823	101663100	1529437140	1631100240
13925057413	153263880	668647980	821911860
13726230503	34386660	342078660	376465320
13726238888	34386660	342078660	376465320
18320173382	132099660	33430320	165529980
13560439658	28191240	81663120	109854360
13660577991	96465600	9563400	106029000
15013685858	50713740	49036680	99750420
13922314466	41690880	51559200	93250080
15920133257	43742160	40692960	84435120
84138413	57047760	19847520	76895280
13602846565	26860680	40332600	67193280
18211575961	21164220	29189160	50353380
15989002119	26860680	2494800	29355480
13560436666	15467760	13222440	28690200
13926435656	1829520	20956320	22785840
13480253104	2494800	2494800	4989600
13826544101	3659040	0	3659040
13719199419	3326400	0	3326400
13760778710	1663200	1663200	3326400
13926251106	3326400	0	3326400
